active: (0.06001, 0.06383, 0.00883, 2.828, 0.43, 88, 382, 470)
inactive: (0.01268, 0.01299, 0.00741, 2.94526, 1.43, 1764, 7166, 8930)
all: (0.01505, 0.01553, 0.00748, 2.9394, 1.43, 1852, 7548, 9400)
